-203949685 -203949685 0 0 10
139132250 139132250 0 0 0
122782131 122782131 0 0 0
116824336 116824336 0 0 0
108985597 108985597 0 0 0
193859978 193859978 0 0 0
112660689 112660689 0 0 0
189519315 189519315 0 0 0
30327842 30327842 0 0 0
136467041 136467041 0 0 0
113524972 113524972 0 0 0
132383192 132383192 0 0 0
81768316 81768316 0 0 0
90437013 90437013 0 0 0
129521783 129521783 0 0 0
264922074 264922074 0 0 0
121428199 121428199 0 0 0
47958338 47958338 0 0 0
150567344 150567344 0 0 0
253484590 253484590 0 0 0
73151282 73151282 0 0 0
163168155 163168155 0 0 0
252426266 252426266 0 0 0
186637228 186637228 0 0 0
147023851 147023851 0 0 0
285271832 285271832 0 0 0
55900768 55900768 0 0 0
207574034 207574034 0 0 0
30571402 30571402 0 0 0
322670160 322670160 0 0 0
138117357 138117357 0 0 0
165162955 165162955 0 0 0
306756810 306756810 0 0 0
158861142 158861142 0 0 0
121824166 121824166 0 0 0
461607589 461607589 0 0 0
529125124 529125124 0 0 0
269162883 269162883 0 0 0
344403699 344403699 0 0 0
80734549 80734549 0 0 0
9430582 9430582 0 0 0
13827876 13827876 0 0 0
266201204 266201204 0 0 0
247419236 247419236 0 0 0
367749121 367749121 0 0 0
345592059 345592059 0 0 0
238338422 238338422 0 0 0
471304927 471304927 0 0 0
266547760 266547760 0 0 0
182213332 182213332 0 0 0
450378515 450378515 0 0 0
559364192 559364192 0 0 0
261754615 261754615 0 0 0
391610127 391610127 0 0 0
181571772 181571772 0 0 0
358117340 358117340 0 0 0
194267973 194267973 0 0 0
173395900 173395900 0 0 0
249041319 249041319 0 0 0
248539431 248539431 0 0 0
143619806 143619806 0 0 0
382488818 382488818 0 0 0
310556691 310556691 0 0 0
56215479 56215479 0 0 0
166464553 166464553 0 0 0
32666867 32666867 0 0 0
155798967 155798967 0 0 0
231973746 231973746 0 0 0
491925169 491925169 0 0 0
288938793 288938793 0 0 0
257484349 257484349 0 0 0
266870902 266870902 0 0 0
241670812 241670812 0 0 0
147195096 147195096 0 0 0
182920483 182920483 0 0 0
124551548 124551548 0 0 0
234317078 234317078 0 0 0
227649099 227649099 0 0 0
192706742 192706742 0 0 0
151846368 151846368 0 0 0
304963687 304963687 0 0 0
259622855 259622855 0 0 0
133317479 133317479 0 0 0
320021698 320021698 0 0 0
260045109 260045109 0 0 0
567429649 567429649 0 0 0
132786023 132786023 0 0 0
44678330 44678330 0 0 0
354399708 354399708 0 0 0
222114379 222114379 0 0 0
100871307 100871307 0 0 4
216514260 216514260 0 0 0
191597592 191597592 0 0 0
220699832 220699832 0 0 0
77909297 77909297 0 0 4
488425215 488425215 0 0 4
169115237 169115237 0 0 0
69417752 69417752 0 0 4
133171102 133171102 0 0 4
210695274 210695274 0 0 0
